7080649830
9984134079
9412363262
8750432972
9170658265
8953171239
9005344554
8449105901
9455546878
9026519433
9910319510
9756684775
7248568872
9936297059
7054739728
9410803677
7060920620
9971375569
7309775507
8005027065
8127787655
9675615846
9450114050
7860475054
9451632652
9810096641
9696770381
9793791646
9565948889
9627485729
8604025940
8418818183
8090634594
9639811439
8935064497
9450442548
8874041630
7071709749
7830225544
7404217658
8954502597
8934008487
7895016500
8006893551
9717323510
7398452929
7235955930
7238853732
8400122773
7570997832
7275697093
7705861908
9838429537
9580653652
9807369015
9810430679
9415531886
7742051678
9350489435
7052256071
8182812338
9453468991
8090445476
8602177820
9910950729
9258830523
9058470146
9151369419
9868449261
9198746968
9012121000
9120846067
9559008173
9651531901
7607251392
9696342956
8860203066
9415137433
7785917129
9451739571
8574142717
9807518861
9554741009
9839017309
7270902550
8604619516
8090143819
7054726886
8173907945
9161886569
8004062626
9058932068
8004476004
9719326087
9910017879
9540378401
7065523859
9455111243
8172814618
8736061185
9559988969
9956756028
8127044609
9453265390
7052937132
8808937320
8081789744
9211617160
9568278022
7579181860
9795709632
7499185002
9118176748
8604910418
7891905959
7599057731
7525904365
8081521219
9454188971
9457388712
9451675963
9810496773
7897121452
7607523274
9675975385
9412664716
8574633660
9839561509
8009403458
8181849246
7275300285
9450653994
8756510783
7618938270
9452663248
7860118635
9450135482
9899370648
9565116124
8604035976
9170166045
8285359415
8005014296
9927445095
8737035291
8375044812
9711230794
9554799128
8574846917
7054243170
8052986059
9411095295
9454989652
8419073343
8953890517
9411960374
8604895017
9616959540
9411893392
8574293371
8449172079
9415541086
8449757365
9810241738
9454598711
9457420762
8955520334
9452863157
9412490343
7505626644
9760615656
9650467251
8922963776
9919073585
9454246724
9793809486
7054018684
7503913625
9151639542
8860292272
8565073857
8808156507
9044792963
9918225241
9389740828
9837288640
8899737609
9794834855
8756891027
7042710502
7054530133
7524014489
9521752084
8738953074
9793925227
7706924521
7376786660
9918301978
9795630899
9410467902
8130514426
9718550471
9958473375
7071379464
9795253632
9169089925
9452240092
8604839027
9919559532
9455776680
7607939010
9069699211
9454411245
8869897330
7689058749
8957054313
8881785658
8009394855
9044219932
9648650777
8800425663
9871248444
9694180958
9839690586
9412558243
9457323826
8381815908
9044558884
9807554142
9971722359
9919688867
9953807729
8175046046
9811775997
7042665765
9012398851
9808132153
9958317729
8004650956
7597547062
9936177989
8171989329
8948845721
8604601778
9462036164
8265845160
9412571504
8800854880
9415007228
7505112888
9462036163
8090687586
7309641111
8225823883
9456421669
9536854136
9473556978
7080349380
9792830106
8604479735
7617004488
8562942697
9837030682
8052525337
9450465373
9939291638
9818984096
8726312375
9837946212
9410607454
8284871740
9450427955
7895093349
9532486279
7607554673
8604606301
7054453933
9415416883
8755356463
7379019019
8127373737
8765920941
9411878943
9958854993
7042659615
8853584989
9198188989
9415334168
8090012218
8400404507
9911051519
7408851777
9897222887
9453019787
7235852459
9758515451
9807446955
7827349434
8979799534
9415695948
9759268718
8864894350
8604104942
9935428577
8859840577
7080093960
9169126009
9336868854
9719649952
8958837249
9711904057
8447586085
8423603004
9412538003
9026302561
8750593333
7376900556
9818545722
8795443049
8418927035
9415528655
8149810640
8858210469
8272811663
8009352190
9760222699
8354816098
8355085452
9793635767
9919866034
9818678207
8737038038
9415563428
9451583750
8574999513
8953129213
8601433333
9027993679
9450175380
8826748151
7690991309
9455276446
8173905741
8756791937
9451587380
8127098745
8741044164
7838306783
9540180001
9793982654
7388926321
9793903760
9639573194
9810733565
8896545436
8439233342
8006754932
9899036928
9411664275
9719200732
8574422542
9793290040
9451656282
9336838270
9450441994
7379762918
9643522052
8009477372
7755885986
9837987427
9450117310
9453737408
9532734965
9450372007
8009559654
9639859665
9532973165
9621969640
9756027742
8081887206
9695559191
9415627795
8755029899
7054394459
7839032189
8385092055
9452158659
7690970724
9719730006
9415843809
9118392727
9654682584
9807564565
8960737042
9910273982
8573950236
9135590448
9807316594
9454932441
9044242655
9756531108
8173999717
9170639416
9305155384
7275928451
9580639879
9696843030
9415983757
9648757154
8447263424
7703097614
7895963009
7078795710
8765198847
8574234306
9759687951
9473744402
8005128149
9410021274
9415158180
8795051021
7068961986
9540859505
9761981928
9759030940
7570010261
7737525036
9958470717
9984062987
9917556020
7409022737
8948912066
7607336975
9670739455
8756018956
9785110574
7532001356
8353932881
9680686637
9473931939
9044333049
9305195787
7054170117
9452567457
8130234123
8090069810
9919382400
7409273097
8795090018
9532307852
9807585356
9412771646
9793431738
9794400601
9598203886
9598218677
8960128905
9936133014
7830258852
9565526640
9648088771
9559605138
7500604975
8958466798
9958254935
9873267264
7607608255
9412710037
8791757857
8126199547
8791617375
9058269031
9795596927
9643728568
9918896896
7565082256
9919551263
9670450380
8445300670
8808420784
7618863365
9219787063
8115744214
9058719495
9720159687
7238986362
8267841016
9454947501
8090163112
9057067622
7060384878
9917157779
9084914394
9044472396
8745009909
8979565200
9919356393
9450196431
8948157870
7525916125
9170814218
9807558481
7409366374
9984216499
9415586130
7080708655
8601649236
9891629453
9837750115
8896820302
9451225464
9415025849
9412855363
9818590787
7752803847
8418064001
9161273488
9719324867
8808996986
9719678514
9720227104
9554905725
7860744458
9415488529
7534967632
9005102086
9450515991
9958934857
9045426913
9450777124
8115577147
9452746348
7839080430
8954370809
9792374393
9587736690
9415207200
9336005161
8130614779
9450444641
8800575798
9559551119
8009202852
9027987070
9568947589
8574190516
9415841904
9919811101
7088394839
7618007400
7060712168
9169346032
9453326051
8418085333
9891865130
7525889325
9936044100
8081592878
7877656432
7379710599
8806976426
7398429076
8004967252
8765118006
9654868090
7599318913
9807567215
9198769469
9936043575
9838554201
9919895321
7379828214
9458835759
9758585629
7409898252
7080789948
9837518923
9794100183
8081428702
9794462866
9648954817
9565110285
7388419254
9415616663
9785063343
8285863105
7830697126
9005410527
9616926702
8290877117
9756634950
9415372635
9412775194
7533860757
9837898955
7037365596
9411273493
9506544642
8090185052
8052142351
8756634352
8176090199
9936172060
9639664663
8750562508
7275736258
9956144625
8736850501
8601307577
9455507337
9639492234
8802118358
7895367264
9336410568
9897528593
9161329971
8874944685
8954817707
9005455261
7309610872
9005894278
9473854471
8791764272
9452802555
7785065176
9927004577
9935538932
9621299480
8175850358
9559002859
9452769692
9643404172
8726010995
9927132364
9889841424
8953277766
7230926348
7753090226
7275574084
9069227957
9506504407
9818277358
9636182381
9451891568
9450138433
9628923230
9450234524
8172817179
9651337642
9871784710
7860739070
8126926090
9690110690
9415596942
9565576776
8948083600
9720900127
8090668686
9161642332
9129896967
9412478810
8800960466
9956508672
9412117975
9151305347
9838076444
7065165688
9956444837
7570803465
9457841032
9319315733
7068235183
9695614279
9335333548
8285150981
9911318102
9415882348
9808177508
9839149005
9792908860
9935605850
8303710122
9453637510
9452416714
9452683302
9532985664
9574121862
9415188476
8127908474
7234813492
7071903633
8948734086
8755203305
9990401955
9044448050
9454577259
9621168485
8573987082
7895216635
8808953929
8755008618
9807352616
8755712123
9410060321
9415284364
7065500995
7500461015
7897191914
7037030514
7068514382
9455003092
8858898883
9451291916
9450108752
8896284845
9451060543
9956184391
7665952753
9455465970
9559496277
9891682321
9760029510
9456253800
7668390208
9598193772
9554710509
9756936612
9956995171
9506886040
7379037013
9415596795
7217406848
9456879728
9415158191
9410470379
9532022193
8605421301
9457026392
8565879444
9616618487
9634952312
7054875109
9794593575
9415428621
8445363782
9208537648
9565267307
9759567116
7376802199
9358366488
9818670169
7607522087
9899138838
7417593339
7785905096
8052710719
8273423976
7238853386
9958395071
8923001004
9198271063
8545949495
9412705257
7706978919
9559273266
9680349653
8081214200
8960889869
9953273606
7275751401
9415211850
8126994692
8527073757
9554680888
8874486683
9450217838
9839068579
9457833913
9411871804
7800725435
8441856988
9452710029
8574384887
7753986277
9621861787
9198305232
9450729830
8130580258
8765273365
8604007458
9759521150
9997184878
8765284245
9839034698
7376188997
8604804911
7839997899
9452922660
8601327913
9839063537
9935565705
7023754083
9889647697
9808569115
8948814090
9415308915
7379993274
8859634995
8948759608
8896498517
9521701944
9761577874
9026404857
8430547578
9837315978
9628315955
9997634659
9720796598
9711662451
8858830640
7080735445
8858124295
8909351671
8604023922
9838677777
7309704452
9413990408
7071804062
8090506179
7607052922
8004800836
7607124405
9450301434
9795506473
9958640135
9554176898
9005818151
8957274774
8922819033
7417560302
9410892236
9458653532
8868015363
9598413880
9411222876
9889123234
9793479321
9045847141
9453925544
9695490040
8174002216
9169978101
9415788065
9899205035
8726280960
9839675479
9452362987
9455125960
9451101564
9412467844
9670545779
7052572467
9616851498
7379591584
8808504035
8126317685
9936902569
9411162050
9198734583
9548417275
8960749304
8954103312
9634784416
9554010161
7071663639
9412146480
9889375136
7037145853
8006226460
8090239409
9415955071
8896633835
9793629440
7379225705
9120983998
7275501592
7408248800
8115665056
9058933316
9412546538
9453891278
8756852152
8791163668
9956389341
9453619060
8869002052
7063185299
9415158459
8543068257
8687950522
9412418132
9450830179
9450145408
8439460725
9997362323
9473590293
7737206772
9919272666
7088060260
7754096587
9451706738
9027787181
8005254610
9555279787
9454631386
9758196873
9415340181
8960475324
9560917426
9837048651
9918529267
8423236971
9415769983
9795917387
9044338981
9690177140
8899869994
8874610359
8799576271
9634924861
9984874014
8419874576
9720153756
9936744605
7800372472
8090608594
7068935875
8755060062
7275279032
8476959234
8187967148
9958449047
9457107549
9761868292
9927327698
9415523276
9837463711
8979294264
9235875536
9411064685
9598088779
7839824095
7784850427
7054389756
9639009508
8271958374
9997837033
8052743575
7784083517
9935975096
7706093408
8115560512
8858561910
9936349338
8800378395
8860334858
7055355115
9889596595
9935255720
9984090543
8394921666
8871790722
9721015992
9713301061
8736076667
9838479026
7023807646
7500994571
9695522122
8173933814
8090060207
8808795609
9643640394
7754998685
9415360683
7734012511
8756946270
9634425777
8354058060
7786844326
9621780691
8353933535
7309699963
7784900125
9415867469
7417665201
9455843925
9454051100
7619059766
7897149018
9412101710
9151455441
9212162205
7376047004
8858217655
9454829427
7753910500
9889062053
9369342464
9473619401
9919770032
9450841683
9336112838
9532536782
9452062546
9837889533
8960937787
9005754742
9455567166
8756300708
9161499846
9548815120
9415188573
9451628119
7860230743
9807708092
8010609057
9411231297
9935204420
7071734043
8534994840
8960726430
8899148209
9554297970
7060797600
9456635393
9837150195
9453009348
8090150636
9411602093
7897711809
9628156821
7388383123
9839244761
9889647533
8266930488
9457393822
7379854229
9198049409
8090387075
9582986958
9897760899
9648490424
7860119338
8534847755
9415679290
9719992225
9554542074
9506134764
9430226351
7080262549
8572949774
9451030517
9935992464
7618030106
9457054886
7897606403
9012146066
9045051503
8094124400
7073204494
7753070233
9807211180
7023755432
9889056649
9807519502
7844888370
7619004434
9455696434
7895754568
9721073030
9807752918
9450670772
8948011606
9654373030
8052875874
9044515281
8960841049
8960485197
9651701784
9837098289
8562935895
7860463557
9452204305
9369926689
8800440714
9411915123
8979912536
8650805912
8853931523
9672941715
7379914288
8574940195
7706979878
9654833257
9415557290
9628441416
7408949808
9219213929
9910686956
7084862212
9839928940
9792768385
9910202564
9506798993
9794882227
7060042556
7388430066
7520660899
7417490740
7860059124
8266968936
8004482062
9170647775
9839924862
9792155457
7860053207
8756783455
9889550726
8604445945
9871765856
9415789923
9435553156
9918246116
9529429020
9415135310
9519693346
9756209393
9026162461
9868516106
9648261040
9936034083
9456290802
9971893927
9897921731
9634345690
9415266207
8445016610
8090741714
9412627547
9936898306
7408496854
8400534174
7081355015
9450124332
9473587562
9521407715
9953803394
9005684723
9125390163
9455926873
9415490800
9621538653
9598505944
9412771304
7500014348
9161184758
9415033714
7705892179
9690239356
9927593629
9616753437
7269975277
9628114677
9307001651
9650515038
8755891544
8126071088
9818669098
8800585685
8445055930
8826883167
7597921715
9455426594
9670714054
9936956201
9621118292
9415686732
9793723473
9451100468
8265853258
9457409773
8574238217
9084124848
9793118171
8953621603
9651243164
9415818244
7607649629
9411019732
8958599810
9648269356
8127198965
9286020277
9720795175
9670404499
8115128733
9453619592
9794033376
9455006147
9219156971
9783982169
7060356280
9452425660
9336089065
7309714399
8799182817
8266837574
8130934474
9521408995
9719761822
8824299508
9457359445
9807856293
8423040059
8737990499
7398423306
7269866637
9918227133
8858756124
8740026582
9506750728
7071089550
8174049758
9519006313
9838906311
8795191431
9953656763
9412146023
8188899906
7754828015
9170384339
9452044775
9983622586
8896660938
9452468683
8924854911
9759853963
7309515528
7071006445
8826254245
8004640566
8542914903
9452113982
8791453905
9310553357
9415922385
9648818879
9506626585
9650486036
8426080311
9565409262
8960684990
9170644907
9971618787
9839951836
9651849596
7052550883
7417810048
9997354183
9695127998
8181956314
7071870277
7786947721
9019038130
8726917487
9450263317
7408453681
7725908207
9999329065
8107223437
9839166035
8756024299
7073652221
9451422257
8127303962
8273331803
8423597312
9721483252
8948297906
8171600521
9450528013
9717582061
9519558393
7054289112
7408925146
9451784788
9450155359
8756968606
9415225750
7275064546
7073091189
9521407992
8755515344
9839583344
9694175132
9621129185
9868110546
9415271950
9479815053
9557123211
7376818672
9536536051
8979454490
7060233195
8896659566
9565212153
7706905653
7499464543
8935099213
8303375911
9415584466
7275403086
9663786385
9412394087
9026231582
9837318491
8938922705
7062531788
9690489594
7080307962
8859754834
7270056783
9455927089
9889213766
8400418099
9616703490
8802101920
8188899905
8756471761
9758557812
8009939913
9795591194
8006732187
8009726785
9457000236
9286278714
8800970082
9213232454
7388250238
8545059128
8267851870
7081994359
9412673153
9557940962
9956564356
9005290159
7388141216
9410605388
9044526266
9509307210
8696703292
8960604812
8052406546
9084308308
9810887921
7351442288
9519302556
9838503266
8791490223
9450202725
9559244757
9557937496
8933892969
8126697451
8090343104
9721323653
9566193239
7084330137
8188927987
9027063070
7309413222
8858400262
9839729577
9807867884
8193911829
8475012354
8266892062
9559606087
9506396432
9415916411
7248571629
9956520908
8576006989
9654393773
8004134312
7753057598
7844054363
7376033463
9521605695
9415146460
7800156866
9012539635
9997551865
8935077653
9899121469
7249958343
9897967785
9506390181
9899847250
9455853989
7037981919
9634837754
7572072055
8534844656
7275378713
9634010573
8808968822
7271916687
7052206738
9927592149
9453997962
9935627080
9616814594
8791124392
8193943904
8737905902
8954198216
7275721611
8004882155
7897502505
9532068310
9918686066
7388614760
9170925216
9454166215
8127725519
8574869052
8562073264
9452858381
8127810562
8057332648
7080450410
8004164173
7376042209
8418935611
9411665197
8375740808
9259778776
9455998064
9410467299
8958536619
8009358377
9670112018
7678985062
9793464544
8896081399
9560771551
7571949739
8957089937
9456629242
8958009660
8394800369
7388511850
7317780742
7297828291
7705832415
7071132797
8899492248
9837890397
8953818187
8853756749
7054662879
9810955957
8755484932
9452010770
8874998306
9616790409
7232068483
8859660579
9956483392
8115481496
7897542077
7379488392
7053052139
9639695865
7310655014
7275358582
7376710208
7388211100
7891383559
9415752805
7060931438
9359621781
8303405415
8756733479
8574768531
7080253160
9549942895
8176876864
9997064361
8953112140
7379510468
9760208320
8193994194
8853002152
7800302347
8400465732
8738832442
8858860976
9506365917
9598323452
8475802218
9005017770
7060886649
9695806678
8604475742
8417954957
9509687961
8826404302
8853824115
9452495361
8765629237
9598711570
8853337336
9649878301
9412181746
9927243037
9839072020
8896981899
9359574328
9918169302
7615859352
7053734237
8127931008
9044930830
9219033502
8765808836
9936124201
7231972310
9651969640
9045377461
9415484423
7271900462
9634353700
9721602942
7753074023
9453386579
7830518942
9554779160
9450327212
9810547627
9458229263
8564059745
9639859448
8090018056
7275276948
8739946299
9807281075
7734903650
8563942785
9453551115
9457825028
9521871286
9839572727
9756304519
8756336840
9412066286
9795127073
8394957629
7822944303
8052180130
8650606592
7500597388
9759572759
8960201000
9807591744
9793443991
9927241814
7081167779
9616369433
9610254225
8750061778
8130740142
9336126788
8948446846
9451239013
9784908295
9616199201
9696961694
7379522090
9794396904
9453301322
9454368916
9044672172
9839553824
7376303073
9838236065
9838731526
8171179232
9532561221
9826914360
8418869940
7417666175
7351224020
8009946044
7706949746
7054723396
9971892975
8057465833
9358521137
9596536983
9897863713
9716391359
8382924054
9935685004
8896859803
9927444498
8107811019
9897916964
9793530655
9792057782
8601077064
8400630925
9411865166
9721966522
9415835344
7023755692
8687059115
9720713873
9415947197
9411349450
8239256859
7275635639
9259138342
9045505072
8004974449
9410037313
9760224280
8004948021
7054630928
9457532833
9415231058
9990048086
9719173523
9602664576
9560060378
8188858523
9810935188
8960495976
9258743201
8574284042
8090596506
9694197352
9336774215
7755072678
7786075085
7376233615
7726016803
9919115886
7897129694
9910810382
9412590288
9968784570
7081508855
8960308171
9598875446
7023168527
9719047126
9838176737
8126370316
8476815155
8755517182
7668181205
8765656030
9336814648
8376968629
8881462777
9899861285
9451133841
9456819589
9818714826
9549390172
9455180237
9956148648
9899689092
7376760992
8382839703
9415868968
7753868311
7860858452
8126181419
7742072531
9520041496
8923229673
9891593098
9170540910
8756358023
9452155770
8736977877
7275975499
9549432739
7275233129
8604615903
9129687604
8859674970
9548932140
8441858503
7042427641
9648803645
9450266157
8475876496
9719743093
7734821292
9005927216
9636218161
7080408406
9936237115
9792764101
9415822625
9506712280
9559001729
8954493480
9956292535
7500156832
9997553988
9818343642
8795088059
9198988736
9672781062
9953802929
9837951884
9670604560
9536205337
8417084980
9415479360
7607322867
9793510406
9650193087
9639002901
9155905312
9454958129
8853659927
8696842629
9897457639
9456020500
9696040839
9151228087
9389404206
9506081022
8979326475
7309492134
8795234732
9258315880
9793464062
9451512095
7754845636
8417880344
9450081158
8439551981
9694532578
9410254808
9458575851
9794672954
7388242489
9457491468
9792353501
7078595934
9719288674
8417814464
7607270768
8853368421
9838697213
9455620651
9415323819
9807356986
9410632900
9151545946
9415349782
9415675710
8400542989
9451195176
9415653024
8853638213
9456235248
9005827601
8574954575
9636384960
9411442625
9084860505
7800960714
8176933548
9918876027
9636097429
8864900623
9451853582
9450631624
7737649402
9411803411
8756623552
7060662123
9919245166
9651995015
9910073913
8853237789
9057051552
9411652370
9783747532
9918103242
9411818722
9792916680
9452836965
9450041032
7388835514
8604982870
7860874025
9971759332
9793909171
9760074502
9411620620
9045659714
9695434801
8563924925
8171973083
7742098453
8726574957
9810278112
8859028428
8392848297
7500909558
9412522168
7830461549
7838395879
9258052082
9456003576
8171860818
9521421013
9005055473
7737170680
7417714713
8739849045
8808574230
8423883557
7529968433
7523826859
9628803025
9451302843
9956736539
8094507048
8979439895
9956127698
9528912005
8182894676
9794933869
7073515754
8726168910
9984444457
8004460457
9690439759
9792342718
8960825065
8744986113
9457996796
8004292140
9999685404
8439815409
7897860858
9839175355
9559143858
8769914745
8423507425
9412854494
7054647040
8419805272
7052354826
7379483705
9670705971
9457100683
8953227043
7785853892
9044056869
7784061285
9897815564
7570928951
8563075937
8896951209
9997459594
9411059202
9472930871
9785021611
9198204755
9794031172
9452328201
8418023118
9083109635
7073125148
8958132260
7668618110
9839775066
9839259890
7607796255
9580780123
8126560602
9454530450
7084990325
9621879498
9415422824
9559857738
9795889134
8003139189
8400473846
7755020155
9410022716
9651237824
9506589627
9170828653
9918240228
8543943397
9839778786
7275191656
9452127839
7838914890
9918676513
9549651217
9760910976
9634243862
8896769698
9319781238
8979067820
8094751057
7839310272
9793589214
9219175060
9935393516
7417357574
9621643762
8439163160
8115821225
8922857240
9675635899
9456069700
9415194769
9450243521
9598149192
9453258105
8004030459
9411967611
8650094207
9305357177
9235639011
8562991858
7754023884
7417176223
9910413218
9810521060
9307227734
9450690415
9451528591
7275579868
9936180304
9410607612
9415593541
8400352780
7725988384
7800300271
8826538487
9120298848
9760361519
9208151343
9519690865
8601897013
9627160944
8953576598
9891719893
9412338381
8604488001
8009902945
9956359166
9457395785
8393903960
8896138377
7351812073
8477877016
9161717018
9792030924
9411651734
9451655526
8874768769
9565046941
9648722106
9648674259
7417341144
9997409480
9450167912
8534098082
8094594392
9451970987
9411615264
8090743721
8953917379
8960495499
9045459899
8576930655
9720202360
9648188177
8726764003
9026230614
8419893735
8563019675
9468776220
8172829757
8755841683
7080029283
7088111002
9889437719
9871600165
7417713704
9305996664
9918697790
9012136568
9919963881
8171982562
9810291929
9045263892
7078791767
7408606787
9454361792
8791502900
8418953336
9005703527
9580424089
9721433325
8382052946
9120891682
9412146734
9557774409
9424350936
9450043031
9413816125
8273997046
9889894647
7239092491
8175943022
9410883652
9720809771
9454412525
8004357846
8005256826
9918851497
8303529518
9928337996
9554771307
7607326642
8979262175
9672912499
9005384000
9758020849
7689800546
8858947049
8090108414
7052954536
7080912162
9997971838
9451389243
9716784178
8193959799
9634904795
7843916194
7678992688
9554054237
9759731962
7042089532
7417280620
9415925055
9997814923
9837053953
8563973682
7897692318
9058710856
9415797645
8750694505
7895479127
8532830660
8449812446
8417026139
8802907176
9794731006
8233638442
7084289392
9935771748
9506698113
9795709760
9454950122
7071084094
7052350878
7376630809
9997025129
8853271743
9724375894
9198648607
9450549387
7668896322
9415981224
8354864326
9453290784
9807944656
9012005434
9837532092
7379651770
9462905787
9452197413
9411063607
9519140864
8382004266
7052840127
7071184537
9621122530
7275081595
9415385626
7080974283
9462037216
9990666446
7784992214
8174037132
8957517219
7619011987
7860631502
9415923385
9335642170
8896628642
7078214341
7897684714
7249925041
9794351721
9198919110
9838483591
9868937210
9005167120
7617064773
9807046311
8953155390
7054218622
9415961005
8127980725
9120404152
7688891682
8239060076
7579028317
8799455254
9918848455
9415767499
7054597346
7536013013
9473947311
9455917929
9411632176
8726763974
8859873919
8853913106
8953014077
7408345718
9506573354
8439043920
8791116596
9554737404
9910275909
8563876601
9927788459
9559647510
8273144703
8127984540
8765956570
8795150187
9521278123
7520774871
9411670420
9554574295
8869853738
8273972525
9457117364
8094548357
9639682600
8173845146
8090803336
7895307696
8756414041
8287271944
8115020345
7688990836
8090236620
8400607062
8756187404
7897305086
9897622600
8960259636
7830746541
8090922275
7839918963
8791757817
9506964879
9711024585
9453534314
9451477592
8960297664
8115084441
9044911843
9670099006
7210957784
9451101174
7060862004
8765624001
9451177920
9452615721
8090857060
8005093075
7408206276
9839523076
9956985795
9808265834
9871340791
9450229318
9889886822
8931977729
9984875013
9554907892
8439145344
9506769504
9918869539
7415434626
9457042137
7230931842
8858581409
8176925146
8745982355
9456813511
8737026462
8577900093
9984626515
9795897043
8858092747
8182834110
8385945116
8127123924
9452590156
8587824870
9454306445
7292828357
7398525870
9125361730
7309577860
9368198183
9415823244
8726701409
9027350066
9598835075
8181001439
7417182130
8400236345
9259606142
8960584873
8899193058
9451303033
9519187840
9899681087
9695744049
7398576609
8505865184
8006992975
7240177432
9450023343
8896036915
9452327800
9415641249
8419014160
7874419193
9650628111
9557632926
9660953652
9457023222
8874436650
7615956546
9045651390
9936507891
9450307795
8953311014
9120639141
8354914127
9450125803
8853512900
7705945733
9451092495
8353981705
9792546392
8947971211
7690999052
9839111115
9457390022
9919999479
8181020938
7860265448
9161829541
8475027268
7071163654
7054062593
8307031384
8265966151
7408557011
8726649441
8948378294
9557069787
9927030147
8953798619
8808061811
9670732083
9457016742
9784214874
8574747896
9810186477
8934943970
7081606114
8115561188
7737620027
9643626336
9451287307
7839384612
9450461409
8604400815
9559745110
7800072090
8858064810
7071375843
9559899020
9794027443
9758335214
8449501102
9758550981
9161578769
8081949832
8285580405
9169377838
7398842797
9675059462
9521384576
8737898613
7417227013
9451164474
7508310172
8272881670
9455526313
9161470895
9457001670
7060321164
9889261891
8937988353
9721633888
9587570616
8009663489
9415583052
9169580261
8445746331
9557239192
9807962895
7505884800
9557926196
9005458880
8896919114
9045883413
8604790076
7895560652
9839148581
8527596066
9839574911
9454010934
8953297343
9721782454
7071588001
9936060278
9450727450
9782077178
9450322636
9415472424
8604645348
9919832358
9598677057
9720194802
9045607106
7081012859
9415962287
9560304354
9454197972
7351099800
7705859208
9258067230
9917378000
9675913446
9956307979
9795137102
7351347117
8755521878
9412404787
9415048092
8896129677
9559123469
8090455747
7060794103
9450795377
8869971438
9129741072
9519437270
7309394002
9868135165
8400832881
9450895148
7408635522
8960487913
8941856343
7081920523
9792582386
7054673790
9794670904
7376279300
9411937332
9651056742
9919821499
7535078028
9651046806
9506333480
9462102684
9839206771
8955520015
7266005763
9919261377
9026520937
8755100797
9837132776
7071574147
7376297909
9473757304
8543917577
8808050288
9559278080
7233985017
9559023100
8960166492
8858397543
8650947232
9451939912
8960775726
7229961115
9889775312
7607205513
8081825703
9565731797
7523071876
7523802393
7275147794
8447038949
8922963607
7351200479
7388701414
9454788558
7895537118
9305584108
9756749589
7071977588
7221097907
8127353404
7800846614
9793500076
9807986231
7525867644
9696872283
8354060712
9984481104
9616680799
9453207981
8400529971
8795058261
9170427968
7607220449
8009360405
9956470719
9621488756
9118209458
8808923751
9415447689
9461432628
8009384945
7071961153
8400548911
9936227334
7505907744
7054885404
9389231832
7505594787
9450584282
9935010808
9694968187
9161600550
9794939412
9236582821
9455576904
9359077382
8439628165
8354959204
9918862941
7080800890
9794160949
9521863754
9169417767
9889067550
9792493430
9120191984
9450236620
9587995818
9910060055
7754891010
9450904822
7618826992
8176818150
9554790322
9451592977
9873500079
8181089425
8874530063
9839210082
8182017289
7240162218
8563093353
9319773233
9412095001
7275239157
9956860162
7071909089
9554672005
8808502155
8896316112
9410875915
9919478627
8853709508
9690899365
9456603534
8858984968
9473759081
8441972230
8604810992
9466527748
9450436231
7572068282
9429379459
8896919682
7706937110
8765702415
9871778941
7084402650
8439487126
9897533958
9587536268
8175876799
7783936670
9918350036
7503729959
7860541048
8174084884
9170975918
7275549652
8115587864
8853066755
9984867159
9648187656
9044429991
9045899112
9450374532
8094970181
9838701259
9521874181
7786994393
9695459663
8003740695
9457584315
9935308893
8171164967
9411873829
8576940602
7229989638
9005480596
9670583624
9554550019
7309832095
9451239700
9415749041
9919592101
9648053292
9351096581
9521421627
7229855157
7800805465
9795968739
7860581249
8601376365
9473624088
8126463638
8545821686
8601027332
9680843644
9451668718
7897424922
8192917578
8176005700
9169022235
9636192160
9919256788
8009083574
9521420331
9958926438
8505875089
7221039058
9935305649
9610362696
8004910084
9684268051
8938901002
9555752541
9648814534
9982790428
8899460012
9451590595
8267898267
9455511011
9694931327
7080844769
8188021960
9794592484
9837091797
8376069930
9759717665
9415900061
7665071325
9627564023
9565186311
8193932931
9455534166
9520036000
8171092261
8953530126
7568957894
9839545791
9956396513
9521753432
9634133799
9837508104
8896765477
9458205666
9984095806
9956809438
8604810829
8176062296
8802225774
9548183009
9795358265
7071372146
8188946080
9919979153
9169230262
7533816703
9044209324
8477896047
9598054650
9557134448
8576003443
8004926848
9695036738
9838228453
9412863394
7704097803
9628637833
7270957942
9897307942
8181016528
9161111304
9650302624
9415597714
9565511298
8601366353
8896235642
8859392834
8449767537
9335904732
9792315979
9554879583
9045744739
8573979871
9696619177
7618957821
9457737087
8503806278
7526043500
9450663890
9521870220
8272810824
9335907666
9169219204
8858431355
7376369641
8957904065
8800972581
7081509286
9415007052
8576966978
9839512884
9450111042
8239465773
8400270655
8696716554
7272010823
7309666066
9120759785
7531803897
9358152354
9565852600
8564884286
9956254984
8934870255
9795360791
8858126291
7790948322
7060726689
9458482073
8009248538
9935477207
9919362422
7052016852
9451743012
8687418634
9719959659
8439592898
9455823661
9519923878
8005290301
9919774770
9897726777
8604451820
8174808414
8290625063
9718180107
8800189580
8561835815
8386874014
7071055788
9411238242
8795878714
9358505342
8800366737
8181992585
7235814224
9810501060
9415278420
9455869790
7309608352
8869029393
9794103582
9719262683
8376899098
9415590055
7733963248
9717359214
9536700816
8960084027
8808916144
9810069752
7309627892
9024453668
9044668537
7753984660
9452377427
9506372316
8565851907
9450310040
9521407451
7080182205
7065916425
7754989960
8948727096
9473748739
8090537671
8960852746
7839411687
9451350534
9450586324
9024423941
9521409985
9005346610
8802978158
9935862751
9452963745
9451860568
8127151534
9897021481
9795923837
7220912753
9045740834
9670343000
9450094874
7830579492
9918526516
8565882407
8094593471
9758080600
8765874033
9211479114
9795834697
8791901971
9506470866
8933802764
9456003241
9005645804
8858698696
7398922178
9694323148
9694322948
7607641191
8239860714
7071173877
9129351601
7309423245
8604509122
9616752925
8126309036
7800270301
9415906367
7398214141
9454345675
8737053504
9410225714
8574835707
9837392071
9829748470
7706021544
9927633622
9936004668
8795513600
8561848162
7084330907
7895998445
7275961905
9450864560
9452215743
8417966256
9873776969
8564081857
7753031350
9936620956
9410076218
9521606004
9359282852
7275489305
9616481869
9151370573
8173902251
8791083886
9910183389
9161647555
9897516129
8882669961
8960561315
7523844950
9450846182
9897017784
9889589843
9454822116
9461242506
9045640915
8003779616
9919346291
9005834760
9799805068
9455550849
9411997369
8171719424
8009968869
8948482492
8826299111
8953691461
7084746573
8890758682
8504018827
8171197416
8381903010
9838778236
9058814524
7615939153
8953455492
9680102405
9557784938
9971421718
8896273504
9454731357
9599484242
8935945086
7417947182
9793022340
7235882122
7571021196
7524938971
9415184393
9660952858
7897966489
8127537143
9554485192
7895020140
9956862396
8601160680
9411660968
8400740740
8004739539
9451089602
8094098536
9454654379
9307837237
9968299038
7821810364
8799348393
7068279515
8126131600
9415407019
9521869275
9953836099
9651601425
9718275588
9415441615
9412389699
7571997926
8853883243
9451809811
7042249668
9521408005
9415472837
9151270831
9919275446
9005331701
7792946266
7318559404
9808105805
8948853170
9151376976
9554894355
8563033901
8922892026
9598167135
9453852335
9451457438
9760011027
7784932737
9415011831
9506747305
9044530829
8958912160
8604857374
8765938112
9917950876
9919020040
8960162863
9839524220
7068959588
8503955695
9451834784
8932875008
9694622517
9460936156
8960747772
9919559560
7737676951
9451078657
9455209053
9473938713
8726145391
7081992245
9415950551
7703045032
8896934540
7839137277
9451310027
8009853740
8960230447
7897044004
8375907084
7071106146
9415127286
9670898414
8171787491
9953336382
8874805186
7891920076
8090212756
9808756531
9651803852
7755867548
9540794296
8544302506
7221095329
7220910720